ISS (ZARYA)             
1 25544U 98067A   15012.44801424  .00013118  00000-0  23449-3 0  4472
2 25544  51.6471 151.5107 0005677  19.8508  89.1280 15.50349174867167
TIANGONG 1              
1 37820U 11053A   14012.48953988  .00048519  00000-0  35042-3 0  6645
2 37820  42.7743 172.6536 0009433 314.9839 146.7431 15.72656671131574
ARDUSAT 1               
1 39412U 98067DA  14012.55355572  .00085963  00000-0  10972-2 0  1640
2 39412  51.6484 149.2550 0004962 254.5038 199.4026 15.58527062  8395
PICODRAGON              
1 39413U 98067DB  14012.46935637  .00190502  00000-0  18809-2 0  1684
2 39413  51.6438 148.6503 0007372 275.5172 197.1474 15.64732919  8394
ARDUSAT X               
1 39414U 98067DC  14012.41333258  .00086854  00000-0  11052-2 0  1633
2 39414  51.6488 149.9310 0004817 257.3157 142.2739 15.58602863  8282
TECHEDSAT-3P            
1 39415U 98067DD  14012.54845283  .01906090  22223-2  42634-2 0  1079
2 39415  51.6324 144.8657 0013554 329.2725  30.7514 15.97496236  8323
CYGNUS 0RB-1            
1 39502U 14003A   14012.38384580  .00013119  00000-0  23449-3 0   153
2 39502  51.6492 151.8272 0005825  20.4381  90.1720 15.50350525   417
