ISS (ZARYA)
1 25544U 98067A   15027.57104323  .00009942  00000-0  15985-3 0  7869
2 25544  51.6475  66.1445 0005666 310.8686 170.8110 15.53661622926159
TIANGONG 1
1 37820U 11053A   15027.50262777  .00033607  00000-0  29721-3 0  7903
2 37820  42.7701  40.1663 0013733 245.2802 247.5629 15.67873979191269
CHASQUI-1
1 40117U 98067ET  15014.73322295  .07508583  12315-4  10026-2 0  4726
2 40117  51.6189 112.4445 0004239 337.2783  22.7551 16.34635278 23368
FLOCK 1B-24
1 40122U 98067EU  15027.53895277  .00091550  00000-0  57145-3 0  4653
2 40122  51.6339  54.5613 0003052 353.9506 137.6945 15.76118677 60856
FLOCK 1B-23
1 40123U 98067EV  15027.57104324  .00114631  00000-0  56171-3 0  4704
2 40123  51.6334  54.0271 0005730  56.0557  78.5644 15.81383464 60863
FLOCK 1B-25
1 40125U 98067EX  15027.29833506  .02466287  46084-2  57049-2 0  4668
2 40125  51.6188  52.1688 0006013  38.0462  68.3113 15.97628648 60897
FLOCK 1B-2
1 40132U 98067FB  15027.47851278  .00105073  00000-0  57306-3 0  3766
2 40132  51.6317  53.3395 0005250   7.1575 141.7806 15.79080721 24788
FLOCK 1B-8
1 40133U 98067FC  15027.50089480  .00126581  00000-0  59604-3 0  4108
2 40133  51.6323  52.8095 0004365 346.0184 133.5545 15.82208081 61093
FLOCK 1B-7
1 40134U 98067FD  15020.28451997  .16691156  12333-4  18447-2 0  3648
2 40134  51.6136  87.3180 0002140 346.7565  13.6892 16.36404772 59997
FLOCK 1B-18
1 40139U 98067FE  15015.71370368  .11079660  12276-4  18123-2 0  3852
2 40139  51.6162 110.7625 0006274 320.8918  39.3586 16.32632998 20748
FLOCK 1B-17
1 40140U 98067FF  15027.52711922  .00186438  00000-0  80972-3 0  4010
2 40140  51.6336  54.4722 0004265  20.7560 114.3618 15.83743666 22542
SPINSAT
1 40314U 98067FL  15027.21503521  .00013645  00000-0  21229-3 0   850
2 40314  51.6499  67.7658 0005932 308.2696  51.7760 15.54209968 60708
DRAGON CRS-5
1 40370U 15001A   15012.37614128  .00015029  00000-0  24160-3 0   109
2 40370  51.6468 141.8063 0006103 243.0591 165.4479 15.53207751   319
